[guipos]
xpos=1013.000000
ypos=46.000000
